
559888694737
559887272922
559888954330
559981969537
559885113866
559591749128
559885358840
559884943930
559884910543
559887033208
559884025959
559884964667
559881253426
559888962864
559891166834
559841413026
559888836323
559891252121
559899650026
559892228644
559899684901
559884870035
559883468220
559885184963
559889108306
559899073198
559891309643
559881120544
559893303118
559881928784
559831818881
559888779720
559885863883
559881308332
559881392430
559888197569
559832102199
559884968808
559884620854
559832102187
559896162123
559881037517
559888395298
559898444163
559888018693
559884245447
559881704035
559885908869
559820014961
559885534913
559884049386
559884010143
559888024175
559891325850
559891463181
559891521055
559884566818
559884099230
559888751315
559892338634
559887549128
5521981676449
559888591552
559888294010
559892432645
559891092538
559891324694
559884096641
559884423711
559888786282
559884061078
559888261815
559884995103
559883032318
559884227117
559885854127
559885090121
559882546295
559885557637
559882337337
559891006979
559832364326
559885703030
559892295692
559899634503
559891209150
559884797612
559882630312
559832367376
559883069523
559884526472
559891802228
559891573063
559891890964
559899040434
559884933325
559882270677
559891393265
559885520431
559884985048
559888272495
559887155942
559881635038
559882763046
559891971003
559891450255
559884860460
559830120175
559888538697
559884420646
559887911214
559891212673
559888351438
559888223145
559883401546
559888368858
559891340536
559881171849
559984928913
559884511979
559891437290
559898282087
559882760175
559891213177
559881222630
559885970505
559884764803
559883303958
559882514459
559841413264
559885131081
559870148660
559991489703
559888769006
559881123488
